1.44
1.56
1.90
1.90
2.15
1.90
1.91
1.83
1.89
2.16
2.13
2.31
2.17
2.44
2.38
2.25
2.15
2.46
2.24
2.27
2.25
2.34
2.38
2.39
2.39
2.43
2.36
2.47
2.45
2.00
2.18
2.34
2.15
2.11
2.15
2.13
2.25
2.03
1.35
1.96
2.06
1.97
2.36
2.34
2.47
2.49
2.94
3.11
2.99
3.21
3.16
3.15
2.55
3.11
3.35
3.42
3.46
3.24
3.31
3.31
3.37
2.90
2.91
2.78
3.17
3.17
3.25
3.33
3.33
2.67
3.32
3.37
3.50
3.40
2.70
3.37
2.59
2.89
2.54
2.66
3.73
3.73
3.59
3.73
3.99
4.05
3.52
3.97
3.61
3.98
3.60
3.82
3.85
3.85
3.54
4.06
4.16
3.77
4.07
4.03
4.11
3.78
3.75
3.70
3.75
3.59
3.89
3.58
4.18
4.20
4.23
4.57
4.78
4.48
4.76
4.39
4.85
4.64
4.73
4.38
4.86
4.86
4.76
4.78
4.61
4.89
4.44
4.85
4.70
4.63
4.78
4.75
4.78
4.79
4.68
4.72
4.53
4.84
4.85
4.44
4.59
4.45
4.84
4.83
5.66
5.81
5.78
5.87
5.66
5.82
5.82
5.82
5.71
5.72
5.69
5.65
5.77
5.80
5.79
5.68
5.63
5.82
5.82
5.74
5.64
5.82
5.82
5.68
5.79
5.81
5.63
5.66
5.83
5.84
5.84
5.66
5.73
5.77
5.67
5.63
5.64
7.18
6.69
6.69
6.65
6.67
6.64
6.70
6.69
6.63
6.61
6.61
6.75
6.75
6.77
6.62
6.74
6.80
6.77
6.68
6.61
6.64
6.64
6.75
6.73
8.25
8.32
8.32
8.32
8.32
8.28
8.32
8.32
8.37
8.39
8.42
8.43
8.43
8.43
8.39
8.50
8.45
8.50
8.52
8.52
8.48
8.48
8.49
8.44
8.49
8.46
8.49
8.51
8.47
8.48
8.86
8.86
8.80
8.86
8.84
8.77
8.68
8.69
8.88
8.69
8.86
8.72
8.95
8.94
8.90
8.72
8.91
8.76
8.83
8.76
8.55
8.71
8.77
8.61
8.60
8.72
8.93
8.70
8.77
8.74
9.21
8.77
8.64
8.60
8.86
10.32
10.26
10.26
10.32
10.33
10.27
10.36
10.28
10.28
10.27
10.29
10.27
10.29
10.33
10.28
10.29
10.37
10.29
10.28
10.31
10.41
10.33
10.38
10.35
10.32
10.31
10.38
10.39
10.39
10.40
10.33
10.40
10.42
10.33
10.37
10.32
10.38
10.32
10.33
10.41
10.32
10.37
10.36